x = [2500, 3000, 3500, 4000, 4500, 5000]'
y = [88.254, 104.485, 132.889, 172.451, 189.671, 208.971]'
epsilon = y*0.05

save dataset x y epsilon