# Created by Octave 6.2.0, Thu Dec 23 20:56:41 2021 GMT <unknown@DESKTOP-LVG9ODH>
# name: x
# type: matrix
# rows: 6
# columns: 1
 2500
 3000
 3500
 4000
 4500
 5000


# name: y
# type: matrix
# rows: 6
# columns: 1
 88.254000000000005
 104.485
 132.88900000000001
 172.45099999999999
 189.67099999999999
 208.971


# name: epsilon
# type: matrix
# rows: 6
# columns: 1
 4.4127000000000001
 5.2242500000000005
 6.6444500000000009
 8.6225500000000004
 9.4835499999999993
 10.448550000000001


